486 17611111111111111111111-111111111.

111111111711, 281.
11111111 711, 278.
1111111711, 263.
11111-1111, ·11117ΙΙ, 283.
111117,111. 2).
1111111111 1,7Ι 336.
1111111111 71, 365.
1111111161 VII, 367,
11111117, 196.

111111 ΙΙ, 227.
113111(11’ν111, 1217, 676.
1111111117,192 71.
[1111111111111. V. 3361
1111-111111 1.(11111 ΙΙ, 242

1111111111 ΙΙ, 361661.
11-1111 1111171393.
11111171, 336.

k6k616k66 VH, 286.
11111111.1.11.7Π, 267.
11111,111117Π, 288.
k6k'666m VH, 276.

11111, 1111611711, 277. 282.
1111111117, 1914 417Π 292
k66k'i6 VH, 276. 262.
1111111111321.

k6r6‚ 11117, 86.
11111-11,11-7Π,265.

111 11111111 111111. V, 148 161 11111,1111,11111-7Π, 288

7113111461.
kar (1111111111 71, 316.

11111117, 66. 147 Ι431. 7Π,7 278 111161

281 296.
11111111 VH, 284.
11111117,118.161
11111 71, 339.

11111111,1111111117ΙΙ,288.
1111116111, 71, 366.

179 1921
111, kimH, 666. 369. VH, 26
111(11111,1116111Π, 367 661
1111111111 71, 336.
1111111111ΠΙ, 137.

11111111 -667, 142, 361. 711, 278. 1111111111 711, 278. 282.

281. 283.

1161111171, 312. VH, 262

1111111117,145.461. 7131171121 1111161711,111.111
11111111 -111 71, 291 VH, 6626. 111111 711, 279 282.

11111111117Π, 2811.
11111111117Π,279. 367. 491

111161 VH, 279.
1111111128.)

hadar-i 1111111117,145 71, 293. 1161111711111181.

341. 711, 287.
11111111Κ1111 VH, 276. 261.
111111111117Π, 278. 266.
11111111711, 283. 368

1111111611 711, 279.

11161· 1111 VH, 279 282 366.
6666, 16611 VII, 276. 279.
11111111 7Π, 281. ·

¹karkas 1111 17111111 VH, 266. 666 1111111111, -6116,7ΙΙ 366.

111111181111111111711, 262.
11111111,111111111711,278.281.
11111111 VH, 267.
1111111111, -111711, 2861.
1111-,111111-161711, 266. 286.
1116, 11116161 VH, 286.
11111117148. 7191.

kart tram VH, 346.
karmanV,1 148. 161.

111171, 346.

111611117Π, 286. 363.

1111111, 1111111 VI, 2741
1111611111711, 264.

11111111 7Π, 2116. 121.

111111 IV, 126.

1111 H, 667. 661.
11111161111, 367. 661.
1111111111 71, 393.

11111117, 196.
11111111117ΙΙ, 266
1111111111711, 286. .
1111111111 93. 141.
1111111111, 666. 11111, 111111
1111111 Ι7, 279.

k6rk6 71, 316.

11611111 7Π, 278. 281.

11111111 711, 277.

k6rdlb, 131. V, 143 121. 182
111111, 1111111711, 265.
111117, 337.

11111111. 111, 111.

krp V, 136

k6pmi6 '111‚ 131. 71, 276.

111 11111111 7Π, 286

111111 71, 660 VII, 286. 368.
111111117Π, 286

kmi-6 H, 226
1
1

 

