502 Wortregister: 11011010 -11001011,

Hmmwwwfi wwmwm '

1101100111, 432. 1160000 00., 11011, 110 000. 1Π, 289.
11010 00. 11, 326. 110110 0. VII. 211. 282.

1101001100 VH, 291. 20). 11611000 11, 336.
101001000011Π,286. 1100 ,111, 211. 282.

110110 0. 11, 335. 110011 Π, 219.

110100 011, 381. 110011 0. VH, 285.

11001100 ad, 10011010 0. 011. 1Π, 291. 1160101100. 111, 216. 282.

001110 an. 111, 110. 001. 1101 00111. 001.

11010, 1100111 000. VII, 289. 1161, 1100101000. 00. 0. IV, 331. ,
helan 011. V, 111. 981. 1161100110 000. 11 , 331.

1101110110. 11, 294. 11011000, -010011, VH, 283.
bank-el, 00, -011Π, 211. 282. 11001100. V, 163. 58).

1101· 0. H, 216. 319. 110100 011, 331.
1101011100110101011. H, 216. 319. 11011001Π. 351.

1101011010 VH, 292. 11011 alts- 0.,110101Π, 284. 386.
1111110111111. Η,218. 244. 11110100. H, 211. 281.

khi. 010 110110. ΙΙ, 218. 11011000, 11510 0., 11010 000. 1Π, 252.

100 ,11, 396. 110100 ad. 0110. 000. 1Π, 331.
1110 md. 111. 293. 1100011 0. VH, 289.

11101 111011.) 1Π, 289. 1100-001101101011. VII, 346.

’010 0. VH 281. 1100000011. ΠΙ, 194.
fflwmwm 'mmmwa

0 H 218 292 11100100. 111, 296.

311 ff. 399. 412. 1111011100. 111, 216. 281.

himself 011, 351. 1110100 0. IV, 153. 32).

11100011. H, 216. 1110011011 g. V, 143.

11101000-01011, 216. 1110110, 11110000 000, 111000, 1110000

11100 001100 000. ΙΙ, 351. 00. 11, 3411. 111, 281. 366.

Η10110110 10, 1. 4). 1110011001. VH, 216. 281.

11110101. 11, 342. 1Π, 284. 111010110 ad. VH, 281.

111110 ad. II, 294. 1011101000. V, 119. 102).

11100001. VI. 335. 11111 000. V, 136. .

11101100 0. 11, 341. VII, 281. 11111110 00. 1, 181. 1). ³
hl ’0 0. V, 181. 119). hrinc, 1111001111. V, 146. 4). 11110
1110111000.11,341. VH, 281. 111, 2151. 282. 361.
111000 000. 11, 3391. 111, 286. 360. 111000 00. 111, 283. 363.

368. 1110000 0. VH, 211. 1
1110000110 ad. VII, 218. 282. 1110001, 100111 ad. VH, 218. 281.
1110000 0. V, 144. ¹ 111011’00,11101100.1,116.11342.
1110010 0. VH, 111. 1110011001. 11, 342.

1110011101000. 111, 281. 1110001 00. 1Π, 218. 281.
1110011100.11,339. hod ,11, 156111.
1110000 000. 11, 339. 1Π, 216. 282. 11000, 00110 VII. 285.

361. · h 01111, 219. 282.
111011110-0101101000.11, 391. 11 .1Π. 286.
111111000.1,144. h· 1110111111, 285.

111110 0. V, 136. huc 00, 11001100 1Π, 219. 282.

” 11110100 0110, 11100100 0.1Π, 118. hundred 0. 111, 256.
1111000011100, loz ad. , 111. 1100001011. 1Π, 286.
1100100110.,11010011 ad. 111, 318. hunt-ari, -eri ad, 11001011 01100110.
11111101. V, 190. 1). IV, 3411.

 

