Wortregister: 111911-31111193911. . 187

11391119, 255. 391111, 3911139111, 134.
1919199 11, 999. 1391 (conterere) 111, 191.
1191993911, 301. ,391 1191919) ΙΙ, 29. V, 193. 12). 11,
11911991Π. 219232. 1 329.
1193, 11119911 111, 293. 139199 11, 291. 111, 293.
1193991 ,213232 1-391999 1, 96.
1191111911 1Π, 210. 11). 139139199 (11193) 1Π, 305.
11991111, 190. Ι39139199 1119919) 11, 291. 311. VII,
111199 V, 193. 9). 302.
1111113919 V, 190. 1391391119 (31191191) 111, 131. 291.
1111191 11, 330. V, 193. 9). 3913 11, 333111, 303.
1119119119 11, 341. 1). Ι3913919111 1Π, 305.
1119119199, -999911, 293. 1Π, 2311391151911, 991111, 393.
2191191111, 311. 1). 13911111 V, 132. 121).
1119199 V, 116. 5). 3911111991, 130.
1119139111, -9 19, 113. 11, 153. 3211391111199 11, 29. 1. 153. 10). 392.

1, 112. 39111911, 3911111111, 314.
1111119999 111, 230. 391-(1199111919)11, 29. 1, 199. 15).
1191199111119. 991. 991. 39391, 91. ,
111113-1, 116. VI, 342. 9191131199 1, 1.
1119991119 9 11, 312. Ιῗ3119, 919111. V, 336.)
1153911111, 366. 311 1391911) 11 335.
klip 991131 11, 919. 1393-,393-991111, 211. 19).
111911, 351. 66). 31113-, -anam, -119111 11, 335. 1Π,
111911 11, 329. 211. 16). 359. ·
1191191991, 1191199911 1, 234. gup (1911.)111, 361. 51).
1191199199 V, 360. 31119111, 13111, 231, 136.
1191999191 11, 393. 31111119 111, 125.
1191191119, 11911919, ved. 11911991 V, 33. gulfi, guli IV, 293. 11, 315. 1Π, 305.
1191193911263. guljam V, 163. 61).
kehar, 19119199 IV. 263. 39119 11, 393.
1919 111, 99911, 199. ⁸ 3319999111, 309. 999. 999.
1195199191 111, 335. 4). 333. 3919939199 1, 1.
1911111911, 263. 135, 39393939 111, 201. 5).
kship 1Π, 326. 39311 V, 353. 11, 335.
1191111919 1, 139. 12). 3931111991, 221.
1119119199 1Π, 219. 232. 351. 19). 3911111111, 311.
11119399 111, 341. 3919-9, 111,-1199111, 305 f. 366.
1111991199 11, 332. gaus (terra) 11, 106. 11, 145. 13).
1111913919 11, 313. VH, 231. gaus 1119311, 131. 159. 1). 1, 91.
1111913 11, 313111, 205. 3119, 31119 1191111Π, 319.
1111913119, 1111913119 1Π, 233. 3191119911 u. 911. VII, 293. 333.
1111911, -911991, 190. 1). 3191111, 331. ‘
1111139199 119111111, 211. 3191911 11, 151. 35).
393311- VII, 301. 319112, 31911-911 VII, 293.
3993939111, 919. 11). 3193919911 11, 999. V, 166. 19).
39311, 335. 1Π, 211. 16). 301. 3599931999911, 306. ·
391139, 39939119 11, 335. 1311913591-99, -9 111, 314.
39319991, 191. 3). 31191911 1, 131. 118).
3919 V, 104. 31199 1, 223.

9113911 11, 239. 13199199 1, 229.

ffi 1, 391. 13119193911111, 311. Ι

 

