Wortregister: 11111111 -— 1111111111. 495

1111111111 (1111111 289.
1111, aeti V, 61.
1111111111 (1111.) 1, 4011).
11111111,162.
1111111-111111, 104.

1111111, 111111, 11111111, 315.
asan H, 396.
11111111Π, 205.

1111111, 162.

agis& {15²3 1111.

1 , .
1111111119.

' 1117311Π, 202.

zan V, 195.

1111111184.

1111111111, -1111111 11, 394.

11, 11111, 1111 1, 84.

1110 V, 139. 28).

111111)εωί H, 430 111531,2 71178. 99 b).
1111111 11111. 11). · ·
1111111, 357.

tya (11111111, 314.

1111111111, 1111. 111. 191. 199. 11711111. 135.

11111111, 170. 1).
11111, 266.

1111111 (1119.) 11, 394.
111111111111, 394.
1111111111 V, 337.
1111111111, 328.
uvfiipasiyam (altp.) II, 372.
11119111 111, 333.
1111111328.
1111111Η, 252.
1111111111 11, 394.
11111111, 1111111111, 275.
11111111 111, 285.
11111111 .)111, 276. 14).
kushiV ,278
11111111 V, 337.

’ 11111111 11, 275.
1111111111, 285.

11111 11, 136.

lma v, 1919).
1111111, 427.
qafiEaithya II, 372.

khs 111 Π, 432. 11, 404. 5).

Κ111111111 (11111.) V, 101*).
111111111111, 394.
3111111111 11, 394.
garezaiti VH, 303.
311111 1, 158. 46).
gereza VH, 303.

gerodha V. 182. 124).
1111111111 11, 394.

ghnita V, 190.

ἱ11111) 1Π, 314.
111111-1111111 11, 394.
g'jag'ata VI, 394.

111111 1, 84.

11111 1. 164. 62).

1111111 111, 294.
11111111-,11111111 11, 394.

1111119111, 181. 11211).
1111111111, 111111), 134.
11111111 V, 140 f.

(11111111, 351; -1111111111, 394.
(1111111), 134.

(1111111ςί 111, 187. 214.

1111111, (11111111, 201 f. 315.

dar (tenere) VI, 339.

ν (11111111 lb, 131.

darec 1, 135.

11119111 1, 155, 34).

(1111111 1, 115.

dim 111, 316.

111111, 209. 10).
611111111111111 11, 394.
1111111111 1, 133.

1111111 11, 381.

11111 haiti 111, 334.

paiti 11, 111. v, 111. 111. 91).
111111111111111, 394.
11111111111111111111 11, 394.
paur·, pam-va lv, 154. 39). V, 140.
11111 mlta, 111) ΙΙ, 161.

par 11111111) 1, 196.

par 191111111911, 294.
111111. s. w. 111, 411. 71. 17).
pivafih 11, 131. 1113).
perena IV, 129.

111, 1111, 140.

11191111, 196. 80).

1111111111 11, 322.
1111111111-1111111, 104.
111111111111, 337.
1111111111111111 11, 394.

fri Vl, 425. '

1111111111, 135. 111, 331.
11111111, 137.

11111111 1, 135. 1Π, 331.
1111111111 11, 394.

 

 

