. 500 0111111111 1111111111 ·- gelo.

1111111111 11. V 50. ’ 1111111 ΙΙΙ, 253.
1111111111 111,, 1111111111 md. οΠ, 364. 111· 1. 111, 4. 7. 95.
111·11,,.31ἔ12,1 -11 111. H, 21411351. 1113111111-11111,11111111111.οΠ,
11111,111,1111,1.11.111. 11,114.111.111111’111.111.351
40 11111011 111, H, 355. 1111111. 0, 140.
11111. 1. 11. 11111, 14111111111111. 011203.
11111111 11, 260 11111111. 011, 352.
0111 111 011 111, 1. ..11 11, 33334441 ⁴¹¹

364. 11111111111111111. 01, 301.
1151110161 151.1”“111,-111 1181 11.1Π,220. 121.
11-ο,-111,11-1111.11,111. ,4.25
1111Π, 111, 111111,11111111 1. 11. 111. 011, 351.
Ε111111.Ι1,9. 11111111 111. οΠ, 352.
111111,381.111111111111111, 177.
1111111 01,306.111111111 11, 311. 0, 140.
1111110141.111111-111111111,-11111·111.1.1.1111.οΠ,
111111. 0,158. 381. 352,
, 111111 ,311 111111 111,,111111Π, 153
1111111111 01, 319. 1151110111. 10, 334.
11111111 10111. 111111 ΠΙ, 130. 1151111111, IV, 340.
1111,ΙΠ,222.1111111111111 V, 155. 341.
111111 111. 11, 260. 111-1111111, -11111111111.οΠ, 184.
faran 111,4. 1111111111. V, 111.
1111111 11111.11111111,-11ἐ11111,111.
011,-,11 0, 1301. 1111111111111. VH, 201. 8).
1111111. οΠ, 318,
11111118οΙ, 430 11111,·1,-1111.-1,1 011, 203. 359. 381.
111· 111, 4. 7. 89. 95. 11111111 111. 011, 314.
111111111, 280. 11111111 011, 304.

111- -1111, ·1,11 11111111 VH, 342.

11111111.ΙΠ, 1231 1111-,11-11111111-1111 111011, ’

1-111111111,1-,1111111111111111-1111111 31311. 211, 363. 381.
111,,11-111111111111.01, 323. 011,11.1111111111111 0155601.
290.111111111111.0.101.21.

11111 111, 1111111. οΠ, 312. 11111, ·u 111. 011, 200. 81. 203.

11111111.1.11,1.11,161.210.111.1111111081.

1111111 10, 104. 11111, 1111 VH, 313

11111111, 0,111.41.111-111101-11111111111.01120181.

11111111. 0, 130. 111111. 0, 21811.

1111111011350.11111111.10,155”11

1110011. 10, 348 gatamjan 10, 183, V, 1911))
1111111, 0106. 801. 1111111.ωο0 301.

1111111111 111, 11111111 1111,111111111.1111111111 11, 214.
1111111100 351. 451. 1111111 011, 203.

1111111 11, 51 11111111 011, 201. 81.

-11111-11111, -111 11. 1. 11. 111. 011, 1111111. 0, ’128
3521111111111185.
1111111111.0,194,101.111111111111.11111.οΙΙ, 203.
1111111110, 114. 11111111 011. 218.
1111111111.Π,122.111111111011313.
1ο111111111.0,140. 111111010162).

 

