Wortregister: 51588 - 8188. 439

51588, 5151888 88. 11, 331. 1Π,208. (1888188 8.(Π, 185. 11, 331. 1Π,
bidjan 8. VH, 201. 81. 204.
5188811, 3391. 68681-8,-8 1Π, 321.
51888888 88. 1Π, 315. (1885188518 11, 295.
518888 8. IV, 338. 818 88. H, 325.
51-888588 8. 1, 210. darm V, 163. 23).
518888188 88811, 320. 88858, dumbs 8. 1, 245. 1Π, 318.
5118158888. 51881588 8118, 51881188 888158 8. 11, 259.
,15, 133. 1, 180. 112). (182 88. Π, 284. 234.
518 88 g. IV, 338. (1811, 1811 md. VH, 202.
51-8815188 8. 18, 255. 88158815, 133.
518 pen, 518558881Π, 325. 368. 88, 8888 u. 8. w. 8811, 2951.
51818888111, 349. der, die, (188 11, 2941. 306. 3901.
5118881888 u. s. w. .11, 295. 391 f.
58558188 (881), 58518 8., 585581, -8 8885 V, 153. 22).
111, 326. 8888815811, 389.
5856, 5858 VH, 392. (11-888, 81881181]Τ 8. 8. 88. 88. Η, 28311.
bodam 8811, 352. ,dieser H, 289 ,3063911
58888 888. 11, 339. 81888881Π, 384.
56 ,5018 8811, 331. 335. 818, 818 8. 8. w. 88. H, 219. 295.
5818 md. VI, 338. 81858 8. V, 215.
5888588 111, 330. (18(1-818, -888 111, 321.
58818 88588. (811) 588818 d. (811) 11, (1818 88. VH, 320.
341. 88188, -8, -88 VH, 320.
5818 88., 581188, 58118188 8858. dial, 88188 88. 111, 320. 368. ·
5818188 8. 8. 88. norw. (118111, 344. dole, 88118111, 326.
bowl 8. 11, 333. 88888118, 88888111, 321.
58888818111, 331. 888885 ΠΙ, 194.
5888858815, 115. 88885118. 11, 386.
5888118, 255. 8881588 g. VI, 295.
mmmmm {mmmm
5811818888. 111, 208. 316. (1818, 8818, 8818 8811, 21911.
5811888 g. VII, 316. dtis-a, ·inn 88. 11, 295.
58181888 8. IV, 321. dri-falti, -valde ad. V, 164. 65).
581881( 88. 1Π, 339. 8818888. 8. V, 111.
58181( 811, 110. 8888588, 888818, 88658881Π, 321.
581818, 588188. IV, 206. ,dmm-a. -818, 88888818 88., (18888581
5881588 8. V, 131. ,, 88.,(18888811Π, 3311.
brukjan 8. 15, 115. ⁴drusk 88. 1Π, 331.
588888888 111, 329. dudeldopp 88., (1811881881 111, 321.
brun 88. v, (88. 481. <dud-ern, -eln, -en vll, 811.
588888 8. V, 160. 44). ,dumbs s. (18858.
58881( 8858. 8. 111, 339. (18818 8., dull e. VH, 319.
585518 8., 5855818 1Π, 326.
bube 111, 210. 15).
bull, 58118 888. V. 118. 100).
5888518 -8 88. 111, 330.
58888 88. IV, 334.
518885 md. IV, 341. 8118888851 ΠΙ, 220.
58881 888, burst, 588188. IV, 343. 81888 88., 81888 H, 341. 343.
1. 163. 61). 18181888 88., 8188888 Π, 342,
bysja 88. 11, 341. ,einer ad. 11, 382.

dyrr 88., (1888 n. IV, 329.
881888, 88188, 8188 8 8. 18, 2601.
8818188, 81888 888. , 208.
8588188. , 231. 45).

858818, 260.

 

