Wortregkster: 111 - 111111.

111, 1311 111351. 11111 111, 295.
111111119111,43.111111, 146. 21. 214.
1111111111.111,’291.411. 11111131111, 218. 291.
11111111111111, 49. 1111111111, 291
11111111ἕ11,244.11,432. 11111111 11116.
1111111111111111111. 1111111,249.1,141. 116111, 284.
1111111111, 291. 9333, 111111-1111111, 336.

11111, 414.1Π, 212. 111111 Π, 289.

11111111, 1611, 12. 216. 386 1111111 11, 249. IV, 116

. 111313 3 1> 11119.
11111111, 393 1, 69. udh 111 223. 11, 313.
1111111111.411.111,1ο1.11111.1111111119
11111111111128. 1111111111, 339111, 216. 281.
1111111811ᾶ11.”γ’ 399· 2’ 1111611111, 284. 369.
1111111111’11111.11,112.1111111111,’289.
11111ν11ἓζ11, 59. 111ἷο61,121’81. 1191. 291. 211. 1Π,
1111
111111, 131. 3ru IV 362.
11111111’1,162.551. 1111111Ἰ11,115,111
vmgg'mi VII 3899191111811111, 206 1211111281.
111111, 111. mi 11111111111111141186 41 21⁰ 159
111, 38’5. 11. 1111111111, 81. 51.
111111 111,-,11 111. 1111111111 81 51
11111111218. 1111111181.
11111111, 212. ⁸³, 83, 1311Π, 286. 3111. 315. 399.

111111 1111511191· 39⁷-
9399& 111 111.1111’11’1111811,’1’1ἶ ””’
1111-1111-111111, 299. 11111111, 111.
111111- -,111 -11111 111, 299. 11111111 ΠΙ, 333.
11111, -11111111-,111-111111, 336. 11111, 11111111 ΙΙΙ, 3341. IV, 150.
1111·1111,-11111,ΙΙ 211. 111. 111111111111, 13.
11111111 VII, 211. ,.111 1111111111Π1, 334
11111-111, -1111, 289. 11111111 1113141388.
1111111111, 291 sant, sat, 111111, 161. 111, 333.
111111111’,214.111,218.182. 111111, 111.
{atam IV, 13 11111111, 3531. 389.
1111111111’11,182. 1111111113111 1, 238.
11111,199.111111(1111,89.’
111111, 431. 1111111111181. 61.
1111111111 1Π, 386. 121. 388. 81111111 IV, 199.
3ar,3 111 111, ’359 111111, 3611.
1111111111 V,66. 146 2121111111111-11,-,.1111111,336.1
1Π, 299. 368. 11111, 11111111, 85.
111111111, 299. ι 1111111111 11, 396.

111-(111,) 11111 111116 111. 1101. 1111. 1111111111, 261
111111128311111111, 251. Π, 353. 611. 11, 119.
1111 1111111 111 16311111 1181, 194.

1111111111, 111 1111111
111111 VH, 211. 282. 111111’,Ἰ1 156. 111.

 

